0 0.260981 0.691185 0.076412 0.129782
0 0.182518 0.619358 0.076843 0.122660
0 0.085798 0.687111 0.093656 0.134283
0 0.337858 0.586694 0.073375 0.121198
0 0.424804 0.687936 0.082308 0.134391
0 0.491453 0.829296 0.086503 0.143003
0 0.500569 0.593981 0.072237 0.120882
0 0.575212 0.731070 0.081712 0.137711
0 0.647254 0.816637 0.074334 0.139287
0 0.632840 0.644963 0.087344 0.149246
0 0.420467 0.517661 0.070158 0.114779
0 0.520439 0.412461 0.078099 0.104549
0 0.423660 0.360029 0.061429 0.092006
0 0.872393 0.745169 0.080216 0.131622
0 0.817271 0.590342 0.087206 0.138930
0 0.711102 0.535529 0.083459 0.117927
0 0.577708 0.528922 0.069965 0.112574
0 0.251039 0.530425 0.075327 0.114400
0 0.334824 0.401989 0.071706 0.117912
0 0.193503 0.415395 0.076013 0.115269
0 0.102717 0.551883 0.079632 0.121971
0 0.024870 0.602142 0.049740 0.146534
0 0.014614 0.790140 0.029228 0.153933
0 0.100916 0.407671 0.062630 0.076904
0 0.022869 0.417140 0.045738 0.120819
0 0.066341 0.271918 0.080834 0.129598
0 0.155532 0.267327 0.089863 0.120844
0 0.270348 0.272347 0.081543 0.150546
0 0.373991 0.252561 0.062247 0.105130
0 0.479754 0.262475 0.068381 0.127934
0 0.580600 0.267793 0.078247 0.148594
0 0.679393 0.266806 0.071214 0.126135
0 0.635525 0.416935 0.070901 0.115279
0 0.753915 0.413479 0.070131 0.095917
0 0.770210 0.276301 0.070742 0.108444
0 0.855614 0.255331 0.084436 0.147116
0 0.843297 0.438227 0.073339 0.112402
0 0.919925 0.377132 0.062120 0.075533
0 0.925722 0.526484 0.080189 0.100119
0 0.982913 0.797536 0.034174 0.131958
0 0.986128 0.619525 0.027745 0.121130
0 0.969717 0.270795 0.060565 0.134665
0 0.971910 0.432762 0.056179 0.112269