1 0.063025 0.088765 0.061879 0.133074
1 0.195569 0.110944 0.061115 0.116440
1 0.316272 0.101703 0.090145 0.175583
1 0.438503 0.093386 0.094729 0.182976
1 0.565317 0.109096 0.090145 0.164494
1 0.686784 0.119723 0.079450 0.154329
1 0.822383 0.101703 0.090909 0.184825
1 0.945760 0.100317 0.093201 0.178356
1 0.061115 0.292534 0.085561 0.172811
1 0.182200 0.284217 0.077158 0.154329
1 0.312070 0.297617 0.084798 0.175583
1 0.443850 0.300851 0.090145 0.178356
1 0.561115 0.305010 0.098549 0.179280
1 0.690222 0.299465 0.077158 0.184825
1 0.809015 0.301313 0.080978 0.186673
1 0.937739 0.298541 0.083270 0.175583
1 0.054240 0.493069 0.082506 0.163570
1 0.186020 0.512938 0.066463 0.121984
1 0.307487 0.492145 0.092437 0.165418
1 0.438121 0.495841 0.084798 0.178356
1 0.559587 0.507393 0.086325 0.164494
1 0.694805 0.496766 0.089381 0.185749
1 0.810542 0.499538 0.100840 0.178356
1 0.935065 0.497228 0.085561 0.175583
1 0.059206 0.696425 0.081742 0.172811
1 0.181436 0.702432 0.090909 0.188521
1 0.316654 0.700584 0.083270 0.188521
1 0.433919 0.696425 0.088617 0.159873
1 0.566081 0.694577 0.090145 0.165418
1 0.690222 0.692267 0.066463 0.151556
1 0.804431 0.702894 0.084034 0.170963
1 0.948052 0.698274 0.091673 0.163570
1 0.068755 0.895574 0.080978 0.184825
1 0.186784 0.900657 0.084798 0.185749
1 0.308633 0.896960 0.070283 0.176508
1 0.432773 0.897884 0.080214 0.185749
1 0.557678 0.890029 0.079450 0.173735
1 0.695569 0.891416 0.074102 0.165418
1 0.809015 0.898346 0.074866 0.182976