0 0.328487 0.174681 0.155304 0.260837
0 0.488809 0.176469 0.151825 0.246026
0 0.669033 0.157904 0.155061 0.252973
0 0.225262 0.419073 0.149194 0.247817
0 0.427733 0.418177 0.145884 0.233737
0 0.577925 0.408481 0.143552 0.243689
0 0.758280 0.398780 0.153254 0.248280
0 0.170476 0.644811 0.140880 0.232037
0 0.334146 0.639287 0.140288 0.243087
0 0.495789 0.637951 0.139058 0.240096
0 0.664256 0.631404 0.141564 0.248663
0 0.831989 0.623265 0.150230 0.257259
0 0.106035 0.841383 0.136528 0.233323
0 0.265334 0.839027 0.137709 0.239279
0 0.408295 0.842552 0.135099 0.248181
0 0.579169 0.840884 0.138601 0.251517
0 0.745172 0.836508 0.136164 0.254497
0 0.901812 0.834440 0.149246 0.261834