0 0.093872 0.753564 0.187743 0.435575
0 0.078794 0.399026 0.155642 0.387376
0 0.263619 0.473540 0.225681 0.414075
0 0.311769 0.840285 0.290858 0.311648
0 0.511187 0.879605 0.244163 0.235921
0 0.767996 0.797324 0.296693 0.394657
0 0.938716 0.602908 0.122568 0.384463
0 0.848736 0.208736 0.253891 0.412618
0 0.710603 0.408492 0.279183 0.432521
0 0.587062 0.181309 0.296692 0.356793
0 0.424611 0.098300 0.174124 0.196600
0 0.218872 0.161649 0.274319 0.299998
0 0.946984 0.918197 0.104086 0.155824
0 0.597763 0.665529 0.294747 0.436890