0 0.170739 0.073851 0.129827 0.112778
0 0.296747 0.079672 0.122190 0.112778
0 0.428756 0.085857 0.120008 0.114961
0 0.565128 0.087312 0.120008 0.112050
0 0.699864 0.089131 0.114553 0.111323
0 0.844653 0.090586 0.118294 0.109868
0 0.128190 0.182992 0.121099 0.111323
0 0.262926 0.186630 0.126554 0.115688
0 0.401481 0.191359 0.126554 0.112050
0 0.523125 0.194997 0.121099 0.106230
0 0.650225 0.196088 0.122190 0.108412
0 0.782311 0.194685 0.114553 0.106230
0 0.204559 0.295406 0.125463 0.112050
0 0.354023 0.295406 0.134191 0.104774
0 0.066316 0.294678 0.131385 0.112050
0 0.480577 0.301954 0.129827 0.107685
0 0.615859 0.300863 0.123281 0.105502
0 0.735867 0.300863 0.116735 0.106957
0 0.148373 0.404182 0.130918 0.111323
0 0.279837 0.404182 0.125463 0.111323
0 0.424392 0.405273 0.124372 0.113506
0 0.551491 0.406001 0.123281 0.109140
0 0.669862 0.405273 0.120008 0.104774
0 0.785506 0.406001 0.117826 0.109140
0 0.892267 0.408496 0.116891 0.110179
0 0.860316 0.300915 0.118449 0.102903
0 0.956653 0.304553 0.086693 0.110179
0 0.906293 0.194893 0.116891 0.107061
0 0.952757 0.089391 0.094486 0.114337
0 0.047536 0.070681 0.095071 0.122653
0 0.042860 0.403299 0.085720 0.118495
0 0.088837 0.510879 0.130918 0.109140
0 0.222093 0.510360 0.138710 0.114337
0 0.342100 0.509840 0.116891 0.117455
0 0.482369 0.512958 0.126242 0.111219
0 0.615625 0.511919 0.118449 0.109140
0 0.730178 0.509840 0.116891 0.113298
0 0.846290 0.508281 0.124684 0.108101
0 0.949640 0.510879 0.100720 0.109140
0 0.054549 0.619500 0.109098 0.122653
0 0.161309 0.617421 0.126242 0.116416
0 0.289889 0.617941 0.130918 0.111219
0 0.439509 0.616901 0.121566 0.115377
0 0.561076 0.618460 0.115332 0.108101
0 0.675629 0.616381 0.113774 0.108101
0 0.795637 0.614303 0.123125 0.110179
0 0.907073 0.614303 0.115332 0.112258
0 0.097409 0.729229 0.138710 0.117455
0 0.224430 0.725591 0.127801 0.120574
0 0.362362 0.722472 0.123125 0.120574
0 0.484707 0.725071 0.121566 0.109140
0 0.606274 0.724032 0.127801 0.113298
0 0.734074 0.720913 0.127801 0.107061
0 0.855641 0.719354 0.121566 0.108101
0 0.955874 0.716236 0.088252 0.112258
0 0.052211 0.850322 0.104422 0.128889
0 0.165985 0.839408 0.129359 0.125771
0 0.295344 0.832652 0.126242 0.126810
0 0.430937 0.831612 0.126242 0.120574
0 0.569648 0.829014 0.123125 0.119534
0 0.686539 0.824336 0.120008 0.122653
0 0.804209 0.823817 0.118449 0.117455
0 0.917203 0.821218 0.120008 0.114337
0 0.237678 0.940753 0.126242 0.118495
0 0.372492 0.936075 0.115332 0.127850
0 0.117670 0.942831 0.113774 0.114337
0 0.495617 0.936075 0.127801 0.127850
0 0.630431 0.933477 0.126242 0.124731
0 0.749660 0.927760 0.124684 0.119534
0 0.868109 0.927240 0.121566 0.120574
0 0.960063 0.922043 0.077927 0.126810