0 0.647972 0.633729 0.316084 0.250329
0 0.419799 0.662714 0.290402 0.255599
0 0.806399 0.872859 0.304231 0.249012
0 0.221391 0.251678 0.295188 0.221477
0 0.501485 0.203579 0.365631 0.187919
0 0.748034 0.180089 0.295188 0.248322
0 0.526643 0.872483 0.308606 0.241611
0 0.157657 0.829978 0.315315 0.263982
0 0.164366 0.607383 0.328733 0.194631
0 0.181138 0.429530 0.362277 0.170022
0 0.808414 0.391499 0.348859 0.187919
0 0.932719 0.190157 0.134561 0.237136
0 0.186170 0.082774 0.352214 0.161074
0 0.887435 0.687919 0.225130 0.190157
0 0.511548 0.412752 0.345505 0.252796