0 0.082685 0.069902 0.151751 0.133980
0 0.280642 0.056068 0.144942 0.109222
0 0.499514 0.060436 0.148833 0.112135
0 0.795233 0.076456 0.166342 0.149999
0 0.211576 0.212620 0.148833 0.215532
0 0.260214 0.340774 0.121595 0.262134
0 0.417315 0.200241 0.178988 0.190775
0 0.403696 0.329852 0.171206 0.205338
0 0.698930 0.316745 0.139105 0.266503
0 0.591926 0.396114 0.179961 0.256309
0 0.832685 0.518443 0.142023 0.279610
0 0.785019 0.728150 0.188716 0.297085
0 0.491731 0.518443 0.185798 0.244658
0 0.338521 0.578151 0.190661 0.218445
0 0.392023 0.765285 0.200389 0.240289
0 0.601654 0.830091 0.144942 0.308736
0 0.769942 0.938585 0.166342 0.120873